<html>
<head><meta charset="utf-8" /></head>
<body>
    <div>                        <script type="text/javascript">window.PlotlyConfig = {MathJaxConfig: 'local'};</script>
        <script charset="utf-8" src="https://cdn.plot.ly/plotly-2.27.0.min.js"></script>                <div id="5aa05457-2b5b-460f-ab26-ef0cdbf47fc6" class="plotly-graph-div" style="height:100%; width:100%;"></div>            <script type="text/javascript">                                    window.PLOTLYENV=window.PLOTLYENV || {};                                    if (document.getElementById("5aa05457-2b5b-460f-ab26-ef0cdbf47fc6")) {                    Plotly.newPlot(                        "5aa05457-2b5b-460f-ab26-ef0cdbf47fc6",                        [{"colorscale":[[0.0,"#440154"],[0.1111111111111111,"#482878"],[0.2222222222222222,"#3e4989"],[0.3333333333333333,"#31688e"],[0.4444444444444444,"#26828e"],[0.5555555555555556,"#1f9e89"],[0.6666666666666666,"#35b779"],[0.7777777777777778,"#6ece58"],[0.8888888888888888,"#b5de2b"],[1.0,"#fde725"]],"reversescale":false,"showscale":true,"x":["Year","Interest in Politics","Satisfaction with Democracy","Satisfaction with Government","Trust in European Parliament","Trust in Legal System","Trust in Country Parliament","Trust in Political Parties","Immigrants of Different Race\u002fEthnic Group","Immigration and Economy","Cultural Life and Immigrants","Immigrants and Country","Happiness","General Health","Life Satisfaction","Satisfaction with Economy","Work Organization","Real GDP Growth Rate","Real GDP per Capita","Income Inequality","Inflation Rate","Government Debt","Unemployment Rate","Unemployment Rate 2"],"y":["Year","Interest in Politics","Satisfaction with Democracy","Satisfaction with Government","Trust in European Parliament","Trust in Legal System","Trust in Country Parliament","Trust in Political Parties","Immigrants of Different Race\u002fEthnic Group","Immigration and Economy","Cultural Life and Immigrants","Immigrants and Country","Happiness","General Health","Life Satisfaction","Satisfaction with Economy","Work Organization","Real GDP Growth Rate","Real GDP per Capita","Income Inequality","Inflation Rate","Government Debt","Unemployment Rate","Unemployment Rate 2"],"z":[[1.0,0.0162826486428594,0.0389081103963621,0.0379104727483155,0.2696821589263301,0.048126354702453,0.0531750097341226,0.0435081315850349,-0.0919564398701329,0.2237305177601068,0.0035203923742912,0.097183666314514,-0.0066557797235996,-0.0388903314422924,0.0473536142552555,0.0013700403169775,-0.0616158926274486,-0.4550272126985507,0.0283688357176778,-0.0710467388975784,0.5470587347658408,-0.0272666074617698,-0.1140164148921311,-0.2398648014492103],[0.0162826486428594,1.0,-0.6414699819613279,-0.4198800488061754,-0.1868822311769665,-0.6742027987858373,-0.615530620245924,-0.6588636616601784,0.638805175663688,-0.6693846189671455,-0.6860643350658123,-0.6255619575556148,-0.6259368859008354,0.3008532596091703,-0.6508442539416526,-0.5982377299034449,-0.4284366965472825,-0.0409367563368795,-0.6639817982842695,0.3497779585286724,0.0510332631378276,0.1649487937466682,0.3609603088565487,0.3448385996990258],[0.0389081103963621,-0.6414699819613279,1.0,0.873469034554726,0.584384472373948,0.8901807146065798,0.911677969002652,0.9488232039612912,-0.4540662209179404,0.586400897893455,0.5529330879143184,0.5299978727378266,0.7344426518469985,-0.5294214754229151,0.8090621055407071,0.90428072152002,0.2898742435181785,0.0188903480547033,0.8222409216007858,-0.464398014939814,-0.0380493354891697,-0.147481579612206,-0.4228479857208425,-0.4244799251213043],[0.0379104727483155,-0.4198800488061754,0.873469034554726,1.0,0.5172084589122201,0.7115215144709363,0.8416376230237546,0.8479486548720405,-0.2758307606624928,0.4026101831257108,0.3642203260360285,0.3615518986629829,0.5632018778502689,-0.4307230164055978,0.6108829502922046,0.8595080530423074,0.1278458368271695,0.027694301917387,0.6612448434403805,-0.3790614058851692,-0.0492822163182122,-0.1306079988328326,-0.4636631646905864,-0.4475713255399788],[0.2696821589263301,-0.1868822311769665,0.584384472373948,0.5172084589122201,1.0,0.5307274074786211,0.6135904514337243,0.5615967140029353,-0.3122289757455989,0.4028635721019485,0.4082182480924117,0.4334135528523801,0.4384490725955828,-0.2706984420405521,0.4716985961956949,0.5053563216937488,-0.0446419395093134,-0.0960522368156487,0.4362367990454636,-0.2998212053690672,0.0838948296113472,-0.1569090819580281,-0.2007079369231707,-0.2844919986196279],[0.048126354702453,-0.6742027987858373,0.8901807146065798,0.7115215144709363,0.5307274074786211,1.0,0.8934305587448912,0.914231915354128,-0.338048345654482,0.4628918841477568,0.4364292895390685,0.3946860049589653,0.6521023587380691,-0.4731694212903706,0.7273145148594515,0.8023082026147222,0.3507045633830613,0.0329892149456193,0.7544957728239431,-0.4249278965261936,0.0557388997144193,-0.1241721593235851,-0.3959994400179549,-0.3956128938280738],[0.0531750097341226,-0.615530620245924,0.911677969002652,0.8416376230237546,0.6135904514337243,0.8934305587448912,1.0,0.9434490210299904,-0.3595086570052696,0.407411806598932,0.456927492229561,0.4264751488349743,0.6673111252653843,-0.454676668266569,0.7270147933542249,0.8523812199332922,0.2187829118067144,0.0491875827882648,0.7572466360025141,-0.4864713488492802,0.0948959365205583,-0.2498067605358503,-0.4565931633855719,-0.4552561751447528],[0.0435081315850349,-0.6588636616601784,0.9488232039612912,0.8479486548720405,0.5615967140029353,0.914231915354128,0.9434490210299904,1.0,-0.4568972443186634,0.4893878932605576,0.5296790647897773,0.4717445842385452,0.7074981556109461,-0.4733057999783255,0.7596963529502653,0.8701343831745015,0.2842416115581054,-0.0104422282879561,0.8059552734845105,-0.4502246101612907,0.0204658289977776,-0.1068688366374264,-0.3698010551279926,-0.3745557608282208],[-0.0919564398701329,0.638805175663688,-0.4540662209179404,-0.2758307606624928,-0.3122289757455989,-0.338048345654482,-0.3595086570052696,-0.4568972443186634,1.0,-0.7957150844161527,-0.8394543453431029,-0.8376385517910865,-0.5832751248570787,0.2138164214547372,-0.5218327219576985,-0.3536324047237393,-0.2265114541490736,0.0705675712956664,-0.5839775363557651,0.0976354129618912,0.162206269709653,-0.0847635216150777,0.0485066152663171,0.0544816082447591],[0.2237305177601068,-0.6693846189671455,0.586400897893455,0.4026101831257108,0.4028635721019485,0.4628918841477568,0.407411806598932,0.4893878932605576,-0.7957150844161527,1.0,0.8539451650887804,0.8773246802645682,0.5975593472630885,-0.2615844906699104,0.579296570536426,0.4746882133719115,0.2828595041051542,-0.0734808035403186,0.600617707424543,-0.1293951316601358,-0.1019177807181323,-0.0016391875886036,-0.2387831482151579,-0.2427861402896825],[0.0035203923742912,-0.6860643350658123,0.5529330879143184,0.3642203260360285,0.4082182480924117,0.4364292895390685,0.456927492229561,0.5296790647897773,-0.8394543453431029,0.8539451650887804,1.0,0.927579871643628,0.6872564448414009,-0.2679587651760505,0.6183686002999513,0.405768015106844,0.2218453478378374,-0.02055478353529,0.5664012683296086,-0.160760766050528,-0.2322114539204543,0.0621432475351301,-0.0269037127628866,-0.0252322027197688],[0.097183666314514,-0.6255619575556148,0.5299978727378266,0.3615518986629829,0.4334135528523801,0.3946860049589653,0.4264751488349743,0.4717445842385452,-0.8376385517910865,0.8773246802645682,0.927579871643628,1.0,0.6193406635705162,-0.3316706401002603,0.5661163788180037,0.4080577346427672,0.129198999721612,0.0208014308550644,0.5833122899073188,-0.1623387826730343,-0.1692145682705005,-0.063733264578736,-0.1411685067237302,-0.1306133200601866],[-0.0066557797235996,-0.6259368859008354,0.7344426518469985,0.5632018778502689,0.4384490725955828,0.6521023587380691,0.6673111252653843,0.7074981556109461,-0.5832751248570787,0.5975593472630885,0.6872564448414009,0.6193406635705162,1.0,-0.5550404870868645,0.9489370931047664,0.6814607007639778,0.1456131368193407,0.1049029320670635,0.7053532603526711,-0.4605989906254788,-0.0114184705036964,0.0171162437589415,-0.1759944253486111,-0.2081254170064141],[-0.0388903314422924,0.3008532596091703,-0.5294214754229151,-0.4307230164055978,-0.2706984420405521,-0.4731694212903706,-0.454676668266569,-0.4733057999783255,0.2138164214547372,-0.2615844906699104,-0.2679587651760505,-0.3316706401002603,-0.5550404870868645,1.0,-0.653668498554092,-0.4831073252305159,-0.0374101786354315,0.0590338198708564,-0.6870075681516548,0.4606697433225564,0.0913032486232579,-0.2107717730488079,0.1756908347868216,0.1749381121167596],[0.0473536142552555,-0.6508442539416526,0.8090621055407071,0.6108829502922046,0.4716985961956949,0.7273145148594515,0.7270147933542249,0.7596963529502653,-0.5218327219576985,0.579296570536426,0.6183686002999513,0.5661163788180037,0.9489370931047664,-0.653668498554092,1.0,0.7690330518607814,0.2216993078773614,0.0195511259627461,0.7338500913993133,-0.5332574655884903,-0.0194840690911529,-0.0672757083370077,-0.2931333480916283,-0.3166239617454933],[0.0013700403169775,-0.5982377299034449,0.90428072152002,0.8595080530423074,0.5053563216937488,0.8023082026147222,0.8523812199332922,0.8701343831745015,-0.3536324047237393,0.4746882133719115,0.405768015106844,0.4080577346427672,0.6814607007639778,-0.4831073252305159,0.7690330518607814,1.0,0.2496115559384987,0.1076502933881183,0.712467919953295,-0.4886769508640575,-0.0191889351745637,-0.3429099999441851,-0.607508788252791,-0.5877117027181965],[-0.0616158926274486,-0.4284366965472825,0.2898742435181785,0.1278458368271695,-0.0446419395093134,0.3507045633830613,0.2187829118067144,0.2842416115581054,-0.2265114541490736,0.2828595041051542,0.2218453478378374,0.129198999721612,0.1456131368193407,-0.0374101786354315,0.2216993078773614,0.2496115559384987,1.0,-0.0848891693309152,0.2737369988193689,-0.0339832254230107,-0.1040312438618418,0.0039284329802326,-0.1488803095536045,-0.1341335864069991],[-0.4550272126985507,-0.0409367563368795,0.0188903480547033,0.027694301917387,-0.0960522368156487,0.0329892149456193,0.0491875827882648,-0.0104422282879561,0.0705675712956664,-0.0734808035403186,-0.02055478353529,0.0208014308550644,0.1049029320670635,0.0590338198708564,0.0195511259627461,0.1076502933881183,-0.0848891693309152,1.0,0.1079290110603885,-0.023965729428279,0.0575515854863049,-0.3543928263612698,-0.176997730463656,-0.1642758084732602],[0.0283688357176778,-0.6639817982842695,0.8222409216007858,0.6612448434403805,0.4362367990454636,0.7544957728239431,0.7572466360025141,0.8059552734845105,-0.5839775363557651,0.600617707424543,0.5664012683296086,0.5833122899073188,0.7053532603526711,-0.6870075681516548,0.7338500913993133,0.712467919953295,0.2737369988193689,0.1079290110603885,1.0,-0.4712168762483245,-0.006761365209147,0.0460814977715844,-0.3296878151873133,-0.3429504701615551],[-0.0710467388975784,0.3497779585286724,-0.464398014939814,-0.3790614058851692,-0.2998212053690672,-0.4249278965261936,-0.4864713488492802,-0.4502246101612907,0.0976354129618912,-0.1293951316601358,-0.160760766050528,-0.1623387826730343,-0.4605989906254788,0.4606697433225564,-0.5332574655884903,-0.4886769508640575,-0.0339832254230107,-0.023965729428279,-0.4712168762483245,1.0,-0.1034581275296697,0.0324149017203804,0.5292137989578387,0.5652037533842597],[0.5470587347658408,0.0510332631378276,-0.0380493354891697,-0.0492822163182122,0.0838948296113472,0.0557388997144193,0.0948959365205583,0.0204658289977776,0.162206269709653,-0.1019177807181323,-0.2322114539204543,-0.1692145682705005,-0.0114184705036964,0.0913032486232579,-0.0194840690911529,-0.0191889351745637,-0.1040312438618418,0.0575515854863049,-0.006761365209147,-0.1034581275296697,1.0,-0.2123914643472334,-0.352011330672087,-0.3133004807022486],[-0.0272666074617698,0.1649487937466682,-0.147481579612206,-0.1306079988328326,-0.1569090819580281,-0.1241721593235851,-0.2498067605358503,-0.1068688366374264,-0.0847635216150777,-0.0016391875886036,0.0621432475351301,-0.063733264578736,0.0171162437589415,-0.2107717730488079,-0.0672757083370077,-0.3429099999441851,0.0039284329802326,-0.3543928263612698,0.0460814977715844,0.0324149017203804,-0.2123914643472334,1.0,0.5219406101713037,0.5289241365160477],[-0.1140164148921311,0.3609603088565487,-0.4228479857208425,-0.4636631646905864,-0.2007079369231707,-0.3959994400179549,-0.4565931633855719,-0.3698010551279926,0.0485066152663171,-0.2387831482151579,-0.0269037127628866,-0.1411685067237302,-0.1759944253486111,0.1756908347868216,-0.2931333480916283,-0.607508788252791,-0.1488803095536045,-0.176997730463656,-0.3296878151873133,0.5292137989578387,-0.352011330672087,0.5219406101713037,1.0,0.9966244748597948],[-0.2398648014492103,0.3448385996990258,-0.4244799251213043,-0.4475713255399788,-0.2844919986196279,-0.3956128938280738,-0.4552561751447528,-0.3745557608282208,0.0544816082447591,-0.2427861402896825,-0.0252322027197688,-0.1306133200601866,-0.2081254170064141,0.1749381121167596,-0.3166239617454933,-0.5877117027181965,-0.1341335864069991,-0.1642758084732602,-0.3429504701615551,0.5652037533842597,-0.3133004807022486,0.5289241365160477,0.9966244748597948,1.0]],"type":"heatmap"}],                        {"annotations":[{"font":{"color":"#000000"},"showarrow":false,"text":"1.0","x":"Year","xref":"x","y":"Year","yref":"y"},{"font":{"color":"#FFFFFF"},"showarrow":false,"text":"0.0162826486428594","x":"Interest in Politics","xref":"x","y":"Year","yref":"y"},{"font":{"color":"#FFFFFF"},"showarrow":false,"text":"0.0389081103963621","x":"Satisfaction with Democracy","xref":"x","y":"Year","yref":"y"},{"font":{"color":"#FFFFFF"},"showarrow":false,"text":"0.0379104727483155","x":"Satisfaction with Government","xref":"x","y":"Year","yref":"y"},{"font":{"color":"#000000"},"showarrow":false,"text":"0.2696821589263301","x":"Trust in European Parliament","xref":"x","y":"Year","yref":"y"},{"font":{"color":"#FFFFFF"},"showarrow":false,"text":"0.048126354702453","x":"Trust in Legal System","xref":"x","y":"Year","yref":"y"},{"font":{"color":"#FFFFFF"},"showarrow":false,"text":"0.0531750097341226","x":"Trust in Country Parliament","xref":"x","y":"Year","yref":"y"},{"font":{"color":"#FFFFFF"},"showarrow":false,"text":"0.0435081315850349","x":"Trust in Political Parties","xref":"x","y":"Year","yref":"y"},{"font":{"color":"#FFFFFF"},"showarrow":false,"text":"-0.0919564398701329","x":"Immigrants of Different Race\u002fEthnic Group","xref":"x","y":"Year","yref":"y"},{"font":{"color":"#000000"},"showarrow":false,"text":"0.2237305177601068","x":"Immigration and Economy","xref":"x","y":"Year","yref":"y"},{"font":{"color":"#FFFFFF"},"showarrow":false,"text":"0.0035203923742912","x":"Cultural Life and Immigrants","xref":"x","y":"Year","yref":"y"},{"font":{"color":"#000000"},"showarrow":false,"text":"0.097183666314514","x":"Immigrants and Country","xref":"x","y":"Year","yref":"y"},{"font":{"color":"#FFFFFF"},"showarrow":false,"text":"-0.0066557797235996","x":"Happiness","xref":"x","y":"Year","yref":"y"},{"font":{"color":"#FFFFFF"},"showarrow":false,"text":"-0.0388903314422924","x":"General Health","xref":"x","y":"Year","yref":"y"},{"font":{"color":"#FFFFFF"},"showarrow":false,"text":"0.0473536142552555","x":"Life Satisfaction","xref":"x","y":"Year","yref":"y"},{"font":{"color":"#FFFFFF"},"showarrow":false,"text":"0.0013700403169775","x":"Satisfaction with Economy","xref":"x","y":"Year","yref":"y"},{"font":{"color":"#FFFFFF"},"showarrow":false,"text":"-0.0616158926274486","x":"Work Organization","xref":"x","y":"Year","yref":"y"},{"font":{"color":"#FFFFFF"},"showarrow":false,"text":"-0.4550272126985507","x":"Real GDP Growth Rate","xref":"x","y":"Year","yref":"y"},{"font":{"color":"#FFFFFF"},"showarrow":false,"text":"0.0283688357176778","x":"Real GDP per Capita","xref":"x","y":"Year","yref":"y"},{"font":{"color":"#FFFFFF"},"showarrow":false,"text":"-0.0710467388975784","x":"Income Inequality","xref":"x","y":"Year","yref":"y"},{"font":{"color":"#000000"},"showarrow":false,"text":"0.5470587347658408","x":"Inflation Rate","xref":"x","y":"Year","yref":"y"},{"font":{"color":"#FFFFFF"},"showarrow":false,"text":"-0.0272666074617698","x":"Government Debt","xref":"x","y":"Year","yref":"y"},{"font":{"color":"#FFFFFF"},"showarrow":false,"text":"-0.1140164148921311","x":"Unemployment Rate","xref":"x","y":"Year","yref":"y"},{"font":{"color":"#FFFFFF"},"showarrow":false,"text":"-0.2398648014492103","x":"Unemployment Rate 2","xref":"x","y":"Year","yref":"y"},{"font":{"color":"#FFFFFF"},"showarrow":false,"text":"0.0162826486428594","x":"Year","xref":"x","y":"Interest in Politics","yref":"y"},{"font":{"color":"#000000"},"showarrow":false,"text":"1.0","x":"Interest in Politics","xref":"x","y":"Interest in Politics","yref":"y"},{"font":{"color":"#FFFFFF"},"showarrow":false,"text":"-0.6414699819613279","x":"Satisfaction with Democracy","xref":"x","y":"Interest in Politics","yref":"y"},{"font":{"color":"#FFFFFF"},"showarrow":false,"text":"-0.4198800488061754","x":"Satisfaction with Government","xref":"x","y":"Interest in Politics","yref":"y"},{"font":{"color":"#FFFFFF"},"showarrow":false,"text":"-0.1868822311769665","x":"Trust in European Parliament","xref":"x","y":"Interest in Politics","yref":"y"},{"font":{"color":"#FFFFFF"},"showarrow":false,"text":"-0.6742027987858373","x":"Trust in Legal System","xref":"x","y":"Interest in Politics","yref":"y"},{"font":{"color":"#FFFFFF"},"showarrow":false,"text":"-0.615530620245924","x":"Trust in Country Parliament","xref":"x","y":"Interest in Politics","yref":"y"},{"font":{"color":"#FFFFFF"},"showarrow":false,"text":"-0.6588636616601784","x":"Trust in Political Parties","xref":"x","y":"Interest in Politics","yref":"y"},{"font":{"color":"#000000"},"showarrow":false,"text":"0.638805175663688","x":"Immigrants of Different Race\u002fEthnic Group","xref":"x","y":"Interest in Politics","yref":"y"},{"font":{"color":"#FFFFFF"},"showarrow":false,"text":"-0.6693846189671455","x":"Immigration and Economy","xref":"x","y":"Interest in Politics","yref":"y"},{"font":{"color":"#FFFFFF"},"showarrow":false,"text":"-0.6860643350658123","x":"Cultural Life and Immigrants","xref":"x","y":"Interest in Politics","yref":"y"},{"font":{"color":"#FFFFFF"},"showarrow":false,"text":"-0.6255619575556148","x":"Immigrants and Country","xref":"x","y":"Interest in Politics","yref":"y"},{"font":{"color":"#FFFFFF"},"showarrow":false,"text":"-0.6259368859008354","x":"Happiness","xref":"x","y":"Interest in Politics","yref":"y"},{"font":{"color":"#000000"},"showarrow":false,"text":"0.3008532596091703","x":"General Health","xref":"x","y":"Interest in Politics","yref":"y"},{"font":{"color":"#FFFFFF"},"showarrow":false,"text":"-0.6508442539416526","x":"Life Satisfaction","xref":"x","y":"Interest in Politics","yref":"y"},{"font":{"color":"#FFFFFF"},"showarrow":false,"text":"-0.5982377299034449","x":"Satisfaction with Economy","xref":"x","y":"Interest in Politics","yref":"y"},{"font":{"color":"#FFFFFF"},"showarrow":false,"text":"-0.4284366965472825","x":"Work Organization","xref":"x","y":"Interest in Politics","yref":"y"},{"font":{"color":"#FFFFFF"},"showarrow":false,"text":"-0.0409367563368795","x":"Real GDP Growth Rate","xref":"x","y":"Interest in Politics","yref":"y"},{"font":{"color":"#FFFFFF"},"showarrow":false,"text":"-0.6639817982842695","x":"Real GDP per Capita","xref":"x","y":"Interest in Politics","yref":"y"},{"font":{"color":"#000000"},"showarrow":false,"text":"0.3497779585286724","x":"Income Inequality","xref":"x","y":"Interest in Politics","yref":"y"},{"font":{"color":"#FFFFFF"},"showarrow":false,"text":"0.0510332631378276","x":"Inflation Rate","xref":"x","y":"Interest in Politics","yref":"y"},{"font":{"color":"#000000"},"showarrow":false,"text":"0.1649487937466682","x":"Government Debt","xref":"x","y":"Interest in Politics","yref":"y"},{"font":{"color":"#000000"},"showarrow":false,"text":"0.3609603088565487","x":"Unemployment Rate","xref":"x","y":"Interest in Politics","yref":"y"},{"font":{"color":"#000000"},"showarrow":false,"text":"0.3448385996990258","x":"Unemployment Rate 2","xref":"x","y":"Interest in Politics","yref":"y"},{"font":{"color":"#FFFFFF"},"showarrow":false,"text":"0.0389081103963621","x":"Year","xref":"x","y":"Satisfaction with Democracy","yref":"y"},{"font":{"color":"#FFFFFF"},"showarrow":false,"text":"-0.6414699819613279","x":"Interest in Politics","xref":"x","y":"Satisfaction with Democracy","yref":"y"},{"font":{"color":"#000000"},"showarrow":false,"text":"1.0","x":"Satisfaction with Democracy","xref":"x","y":"Satisfaction with Democracy","yref":"y"},{"font":{"color":"#000000"},"showarrow":false,"text":"0.873469034554726","x":"Satisfaction with Government","xref":"x","y":"Satisfaction with Democracy","yref":"y"},{"font":{"color":"#000000"},"showarrow":false,"text":"0.584384472373948","x":"Trust in European Parliament","xref":"x","y":"Satisfaction with Democracy","yref":"y"},{"font":{"color":"#000000"},"showarrow":false,"text":"0.8901807146065798","x":"Trust in Legal System","xref":"x","y":"Satisfaction with Democracy","yref":"y"},{"font":{"color":"#000000"},"showarrow":false,"text":"0.911677969002652","x":"Trust in Country Parliament","xref":"x","y":"Satisfaction with Democracy","yref":"y"},{"font":{"color":"#000000"},"showarrow":false,"text":"0.9488232039612912","x":"Trust in Political Parties","xref":"x","y":"Satisfaction with Democracy","yref":"y"},{"font":{"color":"#FFFFFF"},"showarrow":false,"text":"-0.4540662209179404","x":"Immigrants of Different Race\u002fEthnic Group","xref":"x","y":"Satisfaction with Democracy","yref":"y"},{"font":{"color":"#000000"},"showarrow":false,"text":"0.586400897893455","x":"Immigration and Economy","xref":"x","y":"Satisfaction with Democracy","yref":"y"},{"font":{"color":"#000000"},"showarrow":false,"text":"0.5529330879143184","x":"Cultural Life and Immigrants","xref":"x","y":"Satisfaction with Democracy","yref":"y"},{"font":{"color":"#000000"},"showarrow":false,"text":"0.5299978727378266","x":"Immigrants and Country","xref":"x","y":"Satisfaction with Democracy","yref":"y"},{"font":{"color":"#000000"},"showarrow":false,"text":"0.7344426518469985","x":"Happiness","xref":"x","y":"Satisfaction with Democracy","yref":"y"},{"font":{"color":"#FFFFFF"},"showarrow":false,"text":"-0.5294214754229151","x":"General Health","xref":"x","y":"Satisfaction with Democracy","yref":"y"},{"font":{"color":"#000000"},"showarrow":false,"text":"0.8090621055407071","x":"Life Satisfaction","xref":"x","y":"Satisfaction with Democracy","yref":"y"},{"font":{"color":"#000000"},"showarrow":false,"text":"0.90428072152002","x":"Satisfaction with Economy","xref":"x","y":"Satisfaction with Democracy","yref":"y"},{"font":{"color":"#000000"},"showarrow":false,"text":"0.2898742435181785","x":"Work Organization","xref":"x","y":"Satisfaction with Democracy","yref":"y"},{"font":{"color":"#FFFFFF"},"showarrow":false,"text":"0.0188903480547033","x":"Real GDP Growth Rate","xref":"x","y":"Satisfaction with Democracy","yref":"y"},{"font":{"color":"#000000"},"showarrow":false,"text":"0.8222409216007858","x":"Real GDP per Capita","xref":"x","y":"Satisfaction with Democracy","yref":"y"},{"font":{"color":"#FFFFFF"},"showarrow":false,"text":"-0.464398014939814","x":"Income Inequality","xref":"x","y":"Satisfaction with Democracy","yref":"y"},{"font":{"color":"#FFFFFF"},"showarrow":false,"text":"-0.0380493354891697","x":"Inflation Rate","xref":"x","y":"Satisfaction with Democracy","yref":"y"},{"font":{"color":"#FFFFFF"},"showarrow":false,"text":"-0.147481579612206","x":"Government Debt","xref":"x","y":"Satisfaction with Democracy","yref":"y"},{"font":{"color":"#FFFFFF"},"showarrow":false,"text":"-0.4228479857208425","x":"Unemployment Rate","xref":"x","y":"Satisfaction with Democracy","yref":"y"},{"font":{"color":"#FFFFFF"},"showarrow":false,"text":"-0.4244799251213043","x":"Unemployment Rate 2","xref":"x","y":"Satisfaction with Democracy","yref":"y"},{"font":{"color":"#FFFFFF"},"showarrow":false,"text":"0.0379104727483155","x":"Year","xref":"x","y":"Satisfaction with Government","yref":"y"},{"font":{"color":"#FFFFFF"},"showarrow":false,"text":"-0.4198800488061754","x":"Interest in Politics","xref":"x","y":"Satisfaction with Government","yref":"y"},{"font":{"color":"#000000"},"showarrow":false,"text":"0.873469034554726","x":"Satisfaction with Democracy","xref":"x","y":"Satisfaction with Government","yref":"y"},{"font":{"color":"#000000"},"showarrow":false,"text":"1.0","x":"Satisfaction with Government","xref":"x","y":"Satisfaction with Government","yref":"y"},{"font":{"color":"#000000"},"showarrow":false,"text":"0.5172084589122201","x":"Trust in European Parliament","xref":"x","y":"Satisfaction with Government","yref":"y"},{"font":{"color":"#000000"},"showarrow":false,"text":"0.7115215144709363","x":"Trust in Legal System","xref":"x","y":"Satisfaction with Government","yref":"y"},{"font":{"color":"#000000"},"showarrow":false,"text":"0.8416376230237546","x":"Trust in Country Parliament","xref":"x","y":"Satisfaction with Government","yref":"y"},{"font":{"color":"#000000"},"showarrow":false,"text":"0.8479486548720405","x":"Trust in Political Parties","xref":"x","y":"Satisfaction with Government","yref":"y"},{"font":{"color":"#FFFFFF"},"showarrow":false,"text":"-0.2758307606624928","x":"Immigrants of Different Race\u002fEthnic Group","xref":"x","y":"Satisfaction with Government","yref":"y"},{"font":{"color":"#000000"},"showarrow":false,"text":"0.4026101831257108","x":"Immigration and Economy","xref":"x","y":"Satisfaction with Government","yref":"y"},{"font":{"color":"#000000"},"showarrow":false,"text":"0.3642203260360285","x":"Cultural Life and Immigrants","xref":"x","y":"Satisfaction with Government","yref":"y"},{"font":{"color":"#000000"},"showarrow":false,"text":"0.3615518986629829","x":"Immigrants and Country","xref":"x","y":"Satisfaction with Government","yref":"y"},{"font":{"color":"#000000"},"showarrow":false,"text":"0.5632018778502689","x":"Happiness","xref":"x","y":"Satisfaction with Government","yref":"y"},{"font":{"color":"#FFFFFF"},"showarrow":false,"text":"-0.4307230164055978","x":"General Health","xref":"x","y":"Satisfaction with Government","yref":"y"},{"font":{"color":"#000000"},"showarrow":false,"text":"0.6108829502922046","x":"Life Satisfaction","xref":"x","y":"Satisfaction with Government","yref":"y"},{"font":{"color":"#000000"},"showarrow":false,"text":"0.8595080530423074","x":"Satisfaction with Economy","xref":"x","y":"Satisfaction with Government","yref":"y"},{"font":{"color":"#000000"},"showarrow":false,"text":"0.1278458368271695","x":"Work Organization","xref":"x","y":"Satisfaction with Government","yref":"y"},{"font":{"color":"#FFFFFF"},"showarrow":false,"text":"0.027694301917387","x":"Real GDP Growth Rate","xref":"x","y":"Satisfaction with Government","yref":"y"},{"font":{"color":"#000000"},"showarrow":false,"text":"0.6612448434403805","x":"Real GDP per Capita","xref":"x","y":"Satisfaction with Government","yref":"y"},{"font":{"color":"#FFFFFF"},"showarrow":false,"text":"-0.3790614058851692","x":"Income Inequality","xref":"x","y":"Satisfaction with Government","yref":"y"},{"font":{"color":"#FFFFFF"},"showarrow":false,"text":"-0.0492822163182122","x":"Inflation Rate","xref":"x","y":"Satisfaction with Government","yref":"y"},{"font":{"color":"#FFFFFF"},"showarrow":false,"text":"-0.1306079988328326","x":"Government Debt","xref":"x","y":"Satisfaction with Government","yref":"y"},{"font":{"color":"#FFFFFF"},"showarrow":false,"text":"-0.4636631646905864","x":"Unemployment Rate","xref":"x","y":"Satisfaction with Government","yref":"y"},{"font":{"color":"#FFFFFF"},"showarrow":false,"text":"-0.4475713255399788","x":"Unemployment Rate 2","xref":"x","y":"Satisfaction with Government","yref":"y"},{"font":{"color":"#000000"},"showarrow":false,"text":"0.2696821589263301","x":"Year","xref":"x","y":"Trust in European Parliament","yref":"y"},{"font":{"color":"#FFFFFF"},"showarrow":false,"text":"-0.1868822311769665","x":"Interest in Politics","xref":"x","y":"Trust in European Parliament","yref":"y"},{"font":{"color":"#000000"},"showarrow":false,"text":"0.584384472373948","x":"Satisfaction with Democracy","xref":"x","y":"Trust in European Parliament","yref":"y"},{"font":{"color":"#000000"},"showarrow":false,"text":"0.5172084589122201","x":"Satisfaction with Government","xref":"x","y":"Trust in European Parliament","yref":"y"},{"font":{"color":"#000000"},"showarrow":false,"text":"1.0","x":"Trust in European Parliament","xref":"x","y":"Trust in European Parliament","yref":"y"},{"font":{"color":"#000000"},"showarrow":false,"text":"0.5307274074786211","x":"Trust in Legal System","xref":"x","y":"Trust in European Parliament","yref":"y"},{"font":{"color":"#000000"},"showarrow":false,"text":"0.6135904514337243","x":"Trust in Country Parliament","xref":"x","y":"Trust in European Parliament","yref":"y"},{"font":{"color":"#000000"},"showarrow":false,"text":"0.5615967140029353","x":"Trust in Political Parties","xref":"x","y":"Trust in European Parliament","yref":"y"},{"font":{"color":"#FFFFFF"},"showarrow":false,"text":"-0.3122289757455989","x":"Immigrants of Different Race\u002fEthnic Group","xref":"x","y":"Trust in European Parliament","yref":"y"},{"font":{"color":"#000000"},"showarrow":false,"text":"0.4028635721019485","x":"Immigration and Economy","xref":"x","y":"Trust in European Parliament","yref":"y"},{"font":{"color":"#000000"},"showarrow":false,"text":"0.4082182480924117","x":"Cultural Life and Immigrants","xref":"x","y":"Trust in European Parliament","yref":"y"},{"font":{"color":"#000000"},"showarrow":false,"text":"0.4334135528523801","x":"Immigrants and Country","xref":"x","y":"Trust in European Parliament","yref":"y"},{"font":{"color":"#000000"},"showarrow":false,"text":"0.4384490725955828","x":"Happiness","xref":"x","y":"Trust in European Parliament","yref":"y"},{"font":{"color":"#FFFFFF"},"showarrow":false,"text":"-0.2706984420405521","x":"General Health","xref":"x","y":"Trust in European Parliament","yref":"y"},{"font":{"color":"#000000"},"showarrow":false,"text":"0.4716985961956949","x":"Life Satisfaction","xref":"x","y":"Trust in European Parliament","yref":"y"},{"font":{"color":"#000000"},"showarrow":false,"text":"0.5053563216937488","x":"Satisfaction with Economy","xref":"x","y":"Trust in European Parliament","yref":"y"},{"font":{"color":"#FFFFFF"},"showarrow":false,"text":"-0.0446419395093134","x":"Work Organization","xref":"x","y":"Trust in European Parliament","yref":"y"},{"font":{"color":"#FFFFFF"},"showarrow":false,"text":"-0.0960522368156487","x":"Real GDP Growth Rate","xref":"x","y":"Trust in European Parliament","yref":"y"},{"font":{"color":"#000000"},"showarrow":false,"text":"0.4362367990454636","x":"Real GDP per Capita","xref":"x","y":"Trust in European Parliament","yref":"y"},{"font":{"color":"#FFFFFF"},"showarrow":false,"text":"-0.2998212053690672","x":"Income Inequality","xref":"x","y":"Trust in European Parliament","yref":"y"},{"font":{"color":"#000000"},"showarrow":false,"text":"0.0838948296113472","x":"Inflation Rate","xref":"x","y":"Trust in European Parliament","yref":"y"},{"font":{"color":"#FFFFFF"},"showarrow":false,"text":"-0.1569090819580281","x":"Government Debt","xref":"x","y":"Trust in European Parliament","yref":"y"},{"font":{"color":"#FFFFFF"},"showarrow":false,"text":"-0.2007079369231707","x":"Unemployment Rate","xref":"x","y":"Trust in European Parliament","yref":"y"},{"font":{"color":"#FFFFFF"},"showarrow":false,"text":"-0.2844919986196279","x":"Unemployment Rate 2","xref":"x","y":"Trust in European Parliament","yref":"y"},{"font":{"color":"#FFFFFF"},"showarrow":false,"text":"0.048126354702453","x":"Year","xref":"x","y":"Trust in Legal System","yref":"y"},{"font":{"color":"#FFFFFF"},"showarrow":false,"text":"-0.6742027987858373","x":"Interest in Politics","xref":"x","y":"Trust in Legal System","yref":"y"},{"font":{"color":"#000000"},"showarrow":false,"text":"0.8901807146065798","x":"Satisfaction with Democracy","xref":"x","y":"Trust in Legal System","yref":"y"},{"font":{"color":"#000000"},"showarrow":false,"text":"0.7115215144709363","x":"Satisfaction with Government","xref":"x","y":"Trust in Legal System","yref":"y"},{"font":{"color":"#000000"},"showarrow":false,"text":"0.5307274074786211","x":"Trust in European Parliament","xref":"x","y":"Trust in Legal System","yref":"y"},{"font":{"color":"#000000"},"showarrow":false,"text":"1.0","x":"Trust in Legal System","xref":"x","y":"Trust in Legal System","yref":"y"},{"font":{"color":"#000000"},"showarrow":false,"text":"0.8934305587448912","x":"Trust in Country Parliament","xref":"x","y":"Trust in Legal System","yref":"y"},{"font":{"color":"#000000"},"showarrow":false,"text":"0.914231915354128","x":"Trust in Political Parties","xref":"x","y":"Trust in Legal System","yref":"y"},{"font":{"color":"#FFFFFF"},"showarrow":false,"text":"-0.338048345654482","x":"Immigrants of Different Race\u002fEthnic Group","xref":"x","y":"Trust in Legal System","yref":"y"},{"font":{"color":"#000000"},"showarrow":false,"text":"0.4628918841477568","x":"Immigration and Economy","xref":"x","y":"Trust in Legal System","yref":"y"},{"font":{"color":"#000000"},"showarrow":false,"text":"0.4364292895390685","x":"Cultural Life and Immigrants","xref":"x","y":"Trust in Legal System","yref":"y"},{"font":{"color":"#000000"},"showarrow":false,"text":"0.3946860049589653","x":"Immigrants and Country","xref":"x","y":"Trust in Legal System","yref":"y"},{"font":{"color":"#000000"},"showarrow":false,"text":"0.6521023587380691","x":"Happiness","xref":"x","y":"Trust in Legal System","yref":"y"},{"font":{"color":"#FFFFFF"},"showarrow":false,"text":"-0.4731694212903706","x":"General Health","xref":"x","y":"Trust in Legal System","yref":"y"},{"font":{"color":"#000000"},"showarrow":false,"text":"0.7273145148594515","x":"Life Satisfaction","xref":"x","y":"Trust in Legal System","yref":"y"},{"font":{"color":"#000000"},"showarrow":false,"text":"0.8023082026147222","x":"Satisfaction with Economy","xref":"x","y":"Trust in Legal System","yref":"y"},{"font":{"color":"#000000"},"showarrow":false,"text":"0.3507045633830613","x":"Work Organization","xref":"x","y":"Trust in Legal System","yref":"y"},{"font":{"color":"#FFFFFF"},"showarrow":false,"text":"0.0329892149456193","x":"Real GDP Growth Rate","xref":"x","y":"Trust in Legal System","yref":"y"},{"font":{"color":"#000000"},"showarrow":false,"text":"0.7544957728239431","x":"Real GDP per Capita","xref":"x","y":"Trust in Legal System","yref":"y"},{"font":{"color":"#FFFFFF"},"showarrow":false,"text":"-0.4249278965261936","x":"Income Inequality","xref":"x","y":"Trust in Legal System","yref":"y"},{"font":{"color":"#FFFFFF"},"showarrow":false,"text":"0.0557388997144193","x":"Inflation Rate","xref":"x","y":"Trust in Legal System","yref":"y"},{"font":{"color":"#FFFFFF"},"showarrow":false,"text":"-0.1241721593235851","x":"Government Debt","xref":"x","y":"Trust in Legal System","yref":"y"},{"font":{"color":"#FFFFFF"},"showarrow":false,"text":"-0.3959994400179549","x":"Unemployment Rate","xref":"x","y":"Trust in Legal System","yref":"y"},{"font":{"color":"#FFFFFF"},"showarrow":false,"text":"-0.3956128938280738","x":"Unemployment Rate 2","xref":"x","y":"Trust in Legal System","yref":"y"},{"font":{"color":"#FFFFFF"},"showarrow":false,"text":"0.0531750097341226","x":"Year","xref":"x","y":"Trust in Country Parliament","yref":"y"},{"font":{"color":"#FFFFFF"},"showarrow":false,"text":"-0.615530620245924","x":"Interest in Politics","xref":"x","y":"Trust in Country Parliament","yref":"y"},{"font":{"color":"#000000"},"showarrow":false,"text":"0.911677969002652","x":"Satisfaction with Democracy","xref":"x","y":"Trust in Country Parliament","yref":"y"},{"font":{"color":"#000000"},"showarrow":false,"text":"0.8416376230237546","x":"Satisfaction with Government","xref":"x","y":"Trust in Country Parliament","yref":"y"},{"font":{"color":"#000000"},"showarrow":false,"text":"0.6135904514337243","x":"Trust in European Parliament","xref":"x","y":"Trust in Country Parliament","yref":"y"},{"font":{"color":"#000000"},"showarrow":false,"text":"0.8934305587448912","x":"Trust in Legal System","xref":"x","y":"Trust in Country Parliament","yref":"y"},{"font":{"color":"#000000"},"showarrow":false,"text":"1.0","x":"Trust in Country Parliament","xref":"x","y":"Trust in Country Parliament","yref":"y"},{"font":{"color":"#000000"},"showarrow":false,"text":"0.9434490210299904","x":"Trust in Political Parties","xref":"x","y":"Trust in Country Parliament","yref":"y"},{"font":{"color":"#FFFFFF"},"showarrow":false,"text":"-0.3595086570052696","x":"Immigrants of Different Race\u002fEthnic Group","xref":"x","y":"Trust in Country Parliament","yref":"y"},{"font":{"color":"#000000"},"showarrow":false,"text":"0.407411806598932","x":"Immigration and Economy","xref":"x","y":"Trust in Country Parliament","yref":"y"},{"font":{"color":"#000000"},"showarrow":false,"text":"0.456927492229561","x":"Cultural Life and Immigrants","xref":"x","y":"Trust in Country Parliament","yref":"y"},{"font":{"color":"#000000"},"showarrow":false,"text":"0.4264751488349743","x":"Immigrants and Country","xref":"x","y":"Trust in Country Parliament","yref":"y"},{"font":{"color":"#000000"},"showarrow":false,"text":"0.6673111252653843","x":"Happiness","xref":"x","y":"Trust in Country Parliament","yref":"y"},{"font":{"color":"#FFFFFF"},"showarrow":false,"text":"-0.454676668266569","x":"General Health","xref":"x","y":"Trust in Country Parliament","yref":"y"},{"font":{"color":"#000000"},"showarrow":false,"text":"0.7270147933542249","x":"Life Satisfaction","xref":"x","y":"Trust in Country Parliament","yref":"y"},{"font":{"color":"#000000"},"showarrow":false,"text":"0.8523812199332922","x":"Satisfaction with Economy","xref":"x","y":"Trust in Country Parliament","yref":"y"},{"font":{"color":"#000000"},"showarrow":false,"text":"0.2187829118067144","x":"Work Organization","xref":"x","y":"Trust in Country Parliament","yref":"y"},{"font":{"color":"#FFFFFF"},"showarrow":false,"text":"0.0491875827882648","x":"Real GDP Growth Rate","xref":"x","y":"Trust in Country Parliament","yref":"y"},{"font":{"color":"#000000"},"showarrow":false,"text":"0.7572466360025141","x":"Real GDP per Capita","xref":"x","y":"Trust in Country Parliament","yref":"y"},{"font":{"color":"#FFFFFF"},"showarrow":false,"text":"-0.4864713488492802","x":"Income Inequality","xref":"x","y":"Trust in Country Parliament","yref":"y"},{"font":{"color":"#000000"},"showarrow":false,"text":"0.0948959365205583","x":"Inflation Rate","xref":"x","y":"Trust in Country Parliament","yref":"y"},{"font":{"color":"#FFFFFF"},"showarrow":false,"text":"-0.2498067605358503","x":"Government Debt","xref":"x","y":"Trust in Country Parliament","yref":"y"},{"font":{"color":"#FFFFFF"},"showarrow":false,"text":"-0.4565931633855719","x":"Unemployment Rate","xref":"x","y":"Trust in Country Parliament","yref":"y"},{"font":{"color":"#FFFFFF"},"showarrow":false,"text":"-0.4552561751447528","x":"Unemployment Rate 2","xref":"x","y":"Trust in Country Parliament","yref":"y"},{"font":{"color":"#FFFFFF"},"showarrow":false,"text":"0.0435081315850349","x":"Year","xref":"x","y":"Trust in Political Parties","yref":"y"},{"font":{"color":"#FFFFFF"},"showarrow":false,"text":"-0.6588636616601784","x":"Interest in Politics","xref":"x","y":"Trust in Political Parties","yref":"y"},{"font":{"color":"#000000"},"showarrow":false,"text":"0.9488232039612912","x":"Satisfaction with Democracy","xref":"x","y":"Trust in Political Parties","yref":"y"},{"font":{"color":"#000000"},"showarrow":false,"text":"0.8479486548720405","x":"Satisfaction with Government","xref":"x","y":"Trust in Political Parties","yref":"y"},{"font":{"color":"#000000"},"showarrow":false,"text":"0.5615967140029353","x":"Trust in European Parliament","xref":"x","y":"Trust in Political Parties","yref":"y"},{"font":{"color":"#000000"},"showarrow":false,"text":"0.914231915354128","x":"Trust in Legal System","xref":"x","y":"Trust in Political Parties","yref":"y"},{"font":{"color":"#000000"},"showarrow":false,"text":"0.9434490210299904","x":"Trust in Country Parliament"